3.08669
-3.22504
-3.12481
-3.17755
3.04834
4.28346
-2.62178
-8.76489
-2.63058
3.04234
5.05142
-3.24007
3.66254
-3.17165
-3.24084
-3.24849
-2.62793
2.4912
3.05797
-3.2439
9.3415
-3.24084
3.03228
-8.21392
3.03483
3.03481
-3.24084
9.32553
-3.24849
-3.23765
3.03469
-3.84833
2.35285
-2.62786
3.0423
-9.52405
3.6629
3.04235
-3.2485
4.28345
-9.45443
9.31788
3.04234
-2.63237
-9.52405
1.80123
3.04441
-8.88552
3.03469
3.11226
3.03343
-3.93037
3.66213
3.6628
3.0422
-3.24461
-3.24085
9.32578
9.38677
3.06417
-3.24086
-3.25093
2.19967
9.32467
3.03571
-3.18071
3.04236
-2.60278
3.72412
-2.55901
-3.86141
-2.62029
-3.26401
-2.6968
4.56955
-3.24098
-8.2139
3.05619
-3.23526
2.97342
-3.24064
8.70634
3.03553
-3.79251
3.65179
-3.18042
-3.24085
-2.51623
-9.52403
-8.29064
-3.23864
3.04245
3.02464
-9.52404
3.04231
-1.9316
-7.77532
-8.90289
3.04235
3.0378
-3.86818
-3.24202
3.04234
4.2837
-3.17191
-8.28381
-3.24084
3.04234
-8.89402
3.04222
8.41391
3.66289
-3.24083
3.66207
-3.86161
-8.17919
7.37808
-2.69694
3.04234
3.04236
-0.504111
3.11696
3.0347
-2.61941
-3.24071
9.39447
3.1129
-3.23389
3.04378
3.04221
-2.61552
-1.38622
-2.62791
-3.24844
-9.52397
-3.24085
-3.85299
3.03469
3.65527
-2.51569
-2.28669
2.49248
-2.62028
3.05003
3.0538
-2.62793
3.66331
-8.56583
-3.30831
3.03473
1.62764
-3.93078
3.11057
-3.22922
-8.73155
-3.24095
-3.25954
-3.24849
3.04062
-2.62168
9.32552
-3.22717
3.04204
2.42094
3.73157
3.04233
3.10361
-3.24088
3.59467
-3.24085
2.30721
9.31761
2.97338
-3.24085
3.66606
-3.86929
3.66781
3.66338
3.04216
4.35392
-8.91027
-3.24112
3.66221
3.1157
-3.24917
-3.24165
-3.51559
-3.24167
3.66293
3.04238
3.03382
2.97342
-8.90332
3.11126
-2.62028
3.04149
3.04234
-2.61485
2.42174
-3.24173
2.42178
-3.24085
-3.14947
-2.62794
2.96871
-3.24085
-3.24054
9.94609
3.03443
3.03454
-3.86138
-8.28095
-3.85978
2.41439
3.04252
9.02479
-3.24849
-3.24088
-2.62794
9.32553
2.35367
8.70497
3.04257
-3.24084
-3.24168
-3.24309
-2.62118
3.0422
3.03469
-4.40436
-8.9067
3.04234
-2.61927
3.11129
3.04455
-3.24085
-9.46279
-3.24162
-3.32556
-3.24064
-3.86368
3.04234
3.0598
-3.86352
3.04221
3.0347
-3.25342
-9.52403
3.03469
-3.24138
-2.00739
3.58504
-3.17957
3.04247
1.96489
-1.74098
-3.24042
-3.24085
-9.4636
-3.1648
3.04234
3.04303
-2.55311
-3.2418
3.04234
-8.9034
-3.24764
3.66291
3.80278
9.33061
9.32551
3.21333
-3.24084
3.03197
-3.3089
-6.8097
3.04235
3.1064
3.0423
-3.24094
-3.30977
-2.62676
-2.62793
3.06536
-3.24082
-1.93216
-3.86141
-3.86146
-8.90347
-2.62054
-3.24085
3.0443
3.04151
3.02448
-8.91323
3.67238
3.04233
3.65526
-8.83447
-3.17947
-2.62801
3.04234
-7.58479
3.04149
-2.62153
3.03467
9.3255
-3.24073
-3.24085
-3.24741
-9.53168
3.04233
3.10641
3.04234
1.80116
3.04234
-3.24086
-4.28572
-3.24849
3.6629
3.04149
3.84611
-3.24085
-2.62022
-3.24084
-3.24084
-1.93073
9.10239
-3.17193
2.49195
4.35245
3.66292
-3.24085
2.42288
-3.24849
3.04235
3.6629
-3.24754
-3.23721
-3.86141
9.31871
3.04235
-3.31178
3.0426
-2.34654
-4.11304
-3.86141
-3.24084
-3.24087
-3.24064
3.04571
-3.23626
3.65612
8.60321
-2.61505
-8.64898
-3.24084
2.40437
-3.80369
-3.16341
-3.30588
-3.241
7.85467
3.04234
3.01944
-3.22104
-3.24092
3.04265
-0.51931
-3.24791
-3.24097
-3.24083
3.03469
3.04234
-3.17969
-3.24065
-3.86912
3.04234
-9.52402
3.03483
-2.54908
3.07405
3.04235
3.0425
-3.86236
8.70496
-9.52403
-2.55914
-4.48195
9.31681
-3.2468
3.04236
-3.93034
-3.2483
3.07477
-3.2408
3.03645
3.65525
2.97506
-3.24083
-9.52404
3.6629
3.0416
-8.90347
-3.86906
3.04221
-9.52409
-3.24084
3.04234
-3.24848
-8.98126
-8.90359
3.04238
-3.24091
3.65511
3.04009
-8.90361
3.04234
-2.62793
3.04272
3.04049
-3.24085
-3.18043
-2.6203
3.04224
-4.55947
3.04235
-8.89466
3.89933
3.03388
3.04664
-3.22751
3.04247
8.37325
-3.24684
-3.24165
3.15283
-2.55182
-3.24064
3.06623
3.04154
2.98421
8.70458
-3.235
-3.24084
3.04233
-8.28333
3.0483
3.66328
-7.51579
-3.29435
-3.15912
-8.73934
-8.91112
-3.26838
2.42173
-3.30909
-3.24155
3.08445
8.07733
-3.30338
9.31875
-3.24002
-3.2417
-3.24106
3.04233
-7.51574
-3.2407
-8.90941
-3.24022
3.66869
2.42106
3.73184
3.04234
2.97335
-3.24085
-3.24022
-9.52403
-3.86141
3.03472
2.35285
-3.24869
-3.24085
9.32549
-2.62029
1.4911
4.4222
9.39433
-8.28333
3.04234
-2.61968
3.03469
3.04235
-3.24085
3.66294
-3.24084
-3.86235
-3.24063
-3.24131
-3.24163
-3.24562
8.69872
-3.24085
-7.45471
3.01776
3.03473
-9.60778
-1.93074
-3.23548
3.03466
3.04242
-9.51697
-4.2396
-9.52405
3.11023
3.04233
-9.53168
3.73162
-8.90347
3.04324
-3.2409
9.31885
3.65526
3.03558
3.04076
-3.30985
-3.24084
-4.63599
1.87968
9.32567
3.04242
-4.31814
3.04233
-3.86121
-3.25161
-3.24694
3.04236
-3.24084
-3.24085
-3.24549
-8.71425
3.04234
3.04235
9.94748
-2.62028
-8.54152
8.70496
3.04237
3.03897
-3.24084
3.03682
3.04234
3.03459
-2.62028
3.04617
-2.54605
-3.17232
-3.85976
3.98945
-3.24038
-3.24107
8.77474
-3.24084
3.04244
-7.67067
3.04234
-7.67005
-3.2409
3.11128
-9.52405
-2.6203
-3.79242
-3.25436
3.03757
-2.62028
-3.24858
-2.62021
2.42178
3.03572
-3.24053
-3.24084
-9.52231
-3.24102
3.05524
-3.2485
-3.86139
-9.52386
3.04234
9.32553
3.03931
3.04809
3.03386
-8.68377
3.74894
-3.24176
3.6629
-3.36635
3.04314
8.69823
3.65518
-3.24263
-2.62028
-3.24085
-3.24063
9.32033
-8.83123
2.28486
-3.2393
3.05861
3.03479
-3.23976
-8.90283
-8.91112
-2.62028
3.04235
-1.85506
9.32553
3.04285
-3.24085
-9.54785
3.66157
3.07686
-8.73789
-9.52403
3.02843
-2.62802
3.04233
2.42178
-4.77401
3.03469
9.3255
-3.24083
-2.6188
0.258375
-3.24085
9.31966
3.03469
-3.24087
2.44196
3.11223
2.99262
3.11033
-3.23974
-3.25189
3.59238
3.03093
3.04234
3.04235
-9.53251
-3.17932
3.6498
-3.24834
3.04236
-3.24084
3.04323
2.42197
9.31788
3.10361
9.32127
3.0415
-4.32584
3.60835
3.03469
3.66379
4.20502
-2.00094
-3.24065
-8.90331
-3.24573
-8.90349
3.02157
4.00746
3.04231
-9.55159
2.42533
-1.93074
2.4232
3.03471
-8.56754
3.03525
3.02699
2.35284
9.32553
-2.62794
-3.24084
-3.86905
3.03519
2.97139
-3.24849
9.32553
-3.2436
8.50489
3.01471
-4.19526
-8.10421
3.0183
-3.24854
3.03956
-8.90237
3.6629
4.68256
-2.62035
-4.77499
8.69657
3.04233
-3.24084
3.10359
3.04241
3.04241
3.03491
3.04234
3.04232
-3.30219
3.0347
3.6625
-2.6283
-5.96353
-3.23862
2.42178
-3.24084
3.03469
3.04234
3.04417
-1.93319
3.66312
-3.24799
-9.5914
2.42178
3.04361
-3.25613
-2.55984
2.35268
3.04203
-2.52942
9.39448
2.41414
-1.30149
-8.66607
-3.8614
3.04157
3.04053
3.6622
3.04047
3.72517
-9.52402
8.70111
-3.24084
2.42181
-3.24315
-3.23993
-2.63019
3.66294
-8.90318
-8.90466
3.04234
2.42177
-3.35854
3.04235
-3.24167
-2.55907
9.32553
-9.52967
3.0534
-3.2485
-2.62308
3.04234
-9.52399
9.32759
-3.24077
-1.6187
4.35917
3.042
3.66198
-2.55134
4.11973
-2.62019
3.04235
2.49079
-3.21197
-2.62787
-3.24084
-1.93073
-3.24072
-3.24878
-3.24002
3.03469
9.30554
9.26481
3.04191
-3.241
3.66497
2.33109
3.65564
9.31819
-3.31825
3.04233
3.6629
-8.21393
-3.96843
8.70497
-8.89835
-9.52358
-6.81097
3.04234
3.04348
3.04158
-3.24299
-2.55902
2.42178
-3.31347
2.42176
-3.24849
-3.24086
3.65525
-3.24169
-3.24257
-2.62838
2.96575
-3.95359
-0.518664
3.78259
-3.24084
-2.62114
3.04234
-3.85169
3.66376
3.04235
-8.9033
3.71382
8.70777
-2.62179
-3.86141
3.04214
-3.86917
3.79989
-3.24186
8.70517
3.74037
3.04147
-3.79239
-8.21388
-8.90642
2.49151
-3.86058
-2.62844
-9.52398
-3.24084
-8.43238
8.70496
3.01846
-8.20628
-3.24086
9.32526
-3.30977
3.04258
3.04234
-4.16492
-3.24103
2.90538
8.62954
8.56017
3.82919
3.04234
-8.91241
3.04234
-3.24849
9.2558
-3.24085
9.3264
3.04229
-8.90197
3.03018
4.27579
-3.25271
3.04235
3.04354
1.87116
3.04234
3.04228
-3.26109
3.04233
-3.23939
-3.2233
-6.81224
-3.24763
-9.52404
-3.24084
8.70478
-3.23874
-3.17191
-3.24112
3.05484
3.04197
-3.38886
3.03469
-8.9034
3.6629
-3.24085
3.11393
-3.24084
-3.24053
-2.51898
-2.62058
3.04459
-3.24169
3.04212
3.72363
3.66736
-2.62062
2.24651
9.32737
8.63603
3.04234
3.04034
8.63603
3.04228
-3.24064
3.03556
-3.24973
-3.24869
-3.86226
-3.28311
3.03528
-8.58858
-3.86077
2.42208
8.70496
-9.52404
-3.24079
-9.53191
-2.62027
3.63433
3.66291
3.03483
-9.52444
-3.24369
3.73184
3.66206
-3.24085
3.04234
-3.24841
-3.24559
-3.25128
-3.24078
-3.24076
3.04234
-3.24697
-3.22247
9.32571
3.02183
3.04232
8.7748
-9.52403
9.32554
2.41004
3.72197
3.59393
4.49814
-1.38765
3.04063
-9.53168
3.11518
-3.24085
3.1158
2.42178
-3.24077
-9.4551
3.04225
3.04083
3.66291
3.0347
3.66294
3.04166
8.41062
2.93769
-9.53168
3.08438
3.04149
-3.24085
3.11133
-2.62029
2.25839
-4.13312
2.97423
3.04228
-3.24084
3.04213
-3.24085
-2.62033
-3.24911
3.66688
-2.62019
-2.63097
3.04234
3.04233
-2.62792
3.04176
-3.24085
3.04234
2.41846
